// This is for MatLab 2024

x = [15.2;15.5;16.63;19;20.93;21.99;22;22.67;23.57;23.56;23.57;23.57;23.57;23.57;23.57;23.57;23.57;23.57;23.57;23.56;23.57;23.57;23.62;23.62;23.62;23.62;23.63;23.63;23.62;23.66;23.7;22.21;21.05;20.11;19.08;23.1;25.05;22.94;21.25;17.71;17.13;16.25;15.06;15.72;14.87;15.53;16.22;16.26;16.26;16.26;16.27;16.28;16.27;17.36;18.23;20.59;20.84;20.84;20.84;18.52;18.45;18.42;18.09;15.65;13.4;12.75;9.98;11.22;7.69;4.28;6.67;10.47;10.71;7.66;8.68;6.6;4.75;3.17;1.43;-1.08;-4.88;-8.09;-7.08;-6.56;-5.93;-5.05;-3.66;-2.92;-5.44;-5.49;-8.13;-9.51;-12.87;-16.63;-19.23;-19.28;-21.11;-22.52;-21.34;-21.04;-21.92;-19.18;-16.27;-13.93;-11.61;-8.9;-4.96;-3.53;-1.68;1.35;4.85;3.59;3.48;3.48;3.49;3.18;2.98;2.76;2.36;2.62;0.71;-0.39;-0.2;-1.33;-2.37;-4.74;-5.28;-8.37;-8.49;-6.79;-3.56;-2.24;-1.15;-0.47;0.08;0.1;-0.07;0.33;2.42;3.39;5.3;6.94;8.75;9.93;9.79;8.33;8.2;9.11;9.53;9.35;7.92;6.34;5.37;4.81;4.45;3.97;2.93;2.28;1.1;0.03;-1.37;-3.07;-3.7;-5.05;-5.05;-5.62;-6.51;-6.93;-5.19;-4.06;-3.22;-3.22;-2.92;-3.23;-5.12;-5.3;-6.68;-7.4;-7.75;-7.8;-6.75;-4.95;-3.03;-1.5;-0.74;0.88;2.23;5.63;7.87;9.32;9.13;8.09;8.38;10.25;11.6;13.16;15.07;15.48;15.05;14.06;12.55;10.6;9.08;9.48;8.51;6.08;5.1;4.64;3.87;3.16;2.55;1.66;0.92;-0.34;-2.23;-4.24;-6.14;-7.05;-6.79;-6.68;-6.45;-5.31;-4.62;-4.52;-4.09;-4.56;-5.15;-4.25;-3.32;-3.32;-3.32;-3.32;-3.32;-3.32;-3.32;-3.73;-3.09;-2.4;-3.77;-5.39;-7.17;-7.61;-8.19;-8.96;-9.49;-10.83;-12.7;-14.67;-16.62;-17.41;-17.58;-19.68;-22.54;-25.67;-25.65;-25.6;-25.57;-25.51;-25.51;-25.5;-20.17;-18.06;-17.99;-18.02;-17.9;-17.77;-15.88];
y = [-8.03;-7.54;-5.82;-2.7;-0.46;0;0;-1.11;-0.89;-0.89;-0.89;-0.89;-0.89;-0.89;-0.89;-0.89;-0.89;-0.89;-0.89;-0.89;-0.89;-0.89;-0.9;-0.9;-0.9;-0.9;-0.91;-0.91;-0.9;-0.93;-0.84;0.26;1.4;3.92;5.26;4.51;1.04;-2.21;-1.16;0.19;-0.32;-0.31;0.74;-0.22;-2.13;-0.93;-0.65;-0.58;-0.58;-0.58;-0.58;-0.59;-0.58;-0.78;-0.94;-2.89;-6.03;-6.03;-6.03;-7.46;-7.36;-7.39;-7.74;-6.89;-5.15;-3.79;-3.15;-1.99;-1.32;-2.54;-2.92;-3.44;-6.72;-9.09;-11.8;-11.15;-13.45;-16.63;-20.17;-22.64;-23.73;-22.11;-19.1;-15.88;-12.83;-9.53;-6.03;-4.67;-5.07;-4.27;-6.13;-8.87;-10.83;-12.14;-9.76;-5.77;-3.24;-0.07;0.24;-2.36;-5.67;-8.57;-10.34;-7.05;-3.97;-3.26;-2.86;-4.29;-1.51;-0.52;-2.31;-3.93;-4.09;-4.09;-4.08;-4.17;-4.21;-4.28;-4.36;-2.56;-1.75;-3.47;-5.32;-5.38;-6.71;-8.66;-10.5;-12.22;-16.22;-19.82;-21.89;-22.77;-20.15;-19.76;-18.58;-18.44;-16.87;-13.84;-12.14;-9.28;-9.06;-7.88;-7.08;-5.82;-3.96;-3.08;-2.33;-3.9;-5.81;-7.61;-8.89;-8.09;-9.78;-11.61;-13.48;-15.34;-16.98;-18.63;-20.01;-21.5;-22.69;-22.96;-23.94;-24.19;-24.19;-24.25;-23.57;-23.07;-23.13;-22.91;-22.35;-22.35;-22.13;-21.54;-21.96;-22.24;-21.55;-20.41;-17.31;-17.91;-19.43;-20.29;-20.86;-20.68;-18.14;-14.68;-10.84;-8.73;-7.77;-6.43;-4.84;-3.18;-2.96;-3.84;-5.15;-5.62;-5.09;-6.29;-5.1;-4.63;-3.5;-2.94;-3.3;-4.85;-6.55;-7.8;-9.12;-11.06;-12.8;-14.54;-16.36;-18.02;-19.85;-21.4;-22.18;-21.9;-21.24;-19.68;-17.85;-15.98;-14.71;-13.11;-11.36;-11.22;-10.59;-9.56;-7.73;-6.15;-5.16;-5.16;-5.16;-5.16;-5.16;-5.16;-5.16;-4.32;-4.3;-4.84;-6.06;-7.02;-6.74;-5.85;-6.36;-8.06;-9.97;-11.37;-12.17;-12.69;-12.46;-10.72;-6.91;-3.74;-1.16;-1.58;-1.57;-1.55;-1.53;-1.46;-1.44;-1.34;-0.26;-0.2;-0.18;-0.19;-0.09;0.1;3.11];

nbins = 25;  
[counts, xedges, yedges] = histcounts2(x, y, nbins);


figure
imagesc(xedges, yedges, counts')
colormap(jet)  
colorbar 
clim([0 3])
axis xy 
xlabel('x') 
ylabel('y')  
